# Ocean
1 2 14 #4f7fff 0.7
1 14 15 #4f7fff 0.7
1 15 9 #4f7fff 0.7
9 15 16 #4f7fff 0.7
8 16 17 #4f7fff 0.7
9 8 16 #4f7fff 0.7
8 17 10 #4f7fff 0.7
6 7 8 10 #4f7fff 0.7
6 10 11 #4f7fff 0.7
5 6 11 #4f7fff 0.7
5 11 12 #4f7fff 0.7
4 5 12 #4f7fff 0.7
4 12 13 #4f7fff 0.7
2 3 4 13 #4f7fff 0.7
2 13 14 #4f7fff 0.7

# Ground
1 2 3 4 5 6 7 8 9 #7f7f7f 1
19 20 18 #7f7f7f 1
20 21 18 #7f7f7f 1
21 22 18 #7f7f7f 1
22 23 18 #7f7f7f 1
23 19 18 #7f7f7f 1

1 2 21 #7f7f7f 1
2 3 21 #7f7f7f 1
3 4 21 #7f7f7f 1
4 20 21 #7f7f7f 1
4 5 20 #7f7f7f 1
5 20 19 #7f7f7f 1
5 6 19 #7f7f7f 1
6 19 23 #7f7f7f 1
6 7 23 #7f7f7f 1
7 8 23 #7f7f7f 1
8 22 23 #7f7f7f 1
8 9 22 #7f7f7f 1
9 22 1 #7f7f7f 1
1 21 22 #7f7f7f 1

# Crumbles

109 110 111 #6f6f6f 1
108 109 110 #6f6f6f 1
108 110 111 #6f6f6f 1
108 109 111 #6f6f6f 1

112 113 114 #6f6f6f 1
113 114 115 #6f6f6f 1
112 114 115 #6f6f6f 1
112 113 115 #6f6f6f 1

116 117 118 #6f6f6f 1
117 118 119 #6f6f6f 1
116 118 119 #6f6f6f 1
116 117 119 #6f6f6f 1

133 135 136 #6f6f6f 1
133 136 137 #6f6f6f 1
133 135 137 #6f6f6f 1
134 135 136 #6f6f6f 1
134 136 137 #6f6f6f 1
134 135 137 #6f6f6f 1

120 121 122 #6f6f6f 1
120 122 123 #6f6f6f 1
120 123 121 #6f6f6f 1
124 121 122 #6f6f6f 1
124 122 123 #6f6f6f 1
124 123 121 #6f6f6f 1

125 126 127 #6f6f6f 1
125 126 128 #6f6f6f 1
126 127 128 #6f6f6f 1
127 125 128 #6f6f6f 1

129 130 131 #6f6f6f 1
129 130 132 #6f6f6f 1
130 131 132 #6f6f6f 1
131 129 132 #6f6f6f 1

138 139 140 #6f6f6f 1
138 139 141 #6f6f6f 1
139 140 141 #6f6f6f 1
140 138 141 #6f6f6f 1

# Upper stone
29 100 101 #6f6f6f 1
29 100 99 #6f6f6f 1
29 99 98 #6f6f6f 1
29 98 103 #6f6f6f 1
29 103 102 #6f6f6f 1
29 102 101 #6f6f6f 1
101 31 100 #6f6f6f 1
101 32 31 #6f6f6f 1
101 33 32 #6f6f6f 1
101 33 34 #6f6f6f 1
101 102 34 #6f6f6f 1
102 34 35 #6f6f6f 1
102 103 35 #6f6f6f 1
103 35 36 #6f6f6f 1
103 36 37 #6f6f6f 1
103 37 98 #6f6f6f 1
98 38 37 #6f6f6f 1
30 38 98 #6f6f6f 1
98 30 99 #6f6f6f 1
30 99 100 #6f6f6f 1
100 30 31 #6f6f6f 1

# upper dirt
30 40 39 #7f4f00 1
30 31 40 #7f4f00 1
31 41 40 #7f4f00 1
31 32 41 #7f4f00 1
32 42 41 #7f4f00 1
32 33 42 #7f4f00 1
33 34 42 #7f4f00 1
34 43 42 #7f4f00 1
34 35 43 #7f4f00 1
35 44 43 #7f4f00 1
35 36 44 #7f4f00 1
36 45 44 #7f4f00 1
36 46 45 #7f4f00 1
36 37 46 #7f4f00 1
37 38 46 #7f4f00 1
38 47 46 #7f4f00 1
38 30 47 #7f4f00 1
30 39 47 #7f4f00 1

#Grass
46 47 51 #407720 1
46 49 51 #4b7ebc 1
47 39 51 #407720 1
39 40 51 #407720 1
40 51 50 #407720 1
41 40 50 #407720 1
41 42 50 #407720 1
42 48 50 #407720 1
42 48 43 #407720 1
43 48 44 #407720 1
48 44 45 #407720 1
45 49 48 #407720 1

#Waterfall
45 49 46 #4b7ebc 1
#45 46 27 28 #4f7fff 0.7
46 45 143 142 #4f7fff 0.7
142 143 145 144 #4f7fff 0.7
144 145 147 146 #4f7fff 0.7
146 147 149 148 #4f7fff 0.7
148 149 151 150 #4f7fff 0.7


#temple
48 49 56 52 #aaaaaa 1
49 51 64 56 #aaaaaa 1
51 50 60 64 #aaaaaa 1
50 48 52 60 #aaaaaa 1
52 56 64 60 #aaaaaa 1

52 53 69 68 #bbbbbb 1
53 55 71 69 #bbbbbb 1
55 54 70 71 #bbbbbb 1
54 52 68 70 #bbbbbb 1
68 69 71 70 #bbbbbb 1

56 57 73 72 #bbbbbb 1
58 56 72 74 #bbbbbb 1
59 58 74 75 #bbbbbb 1
57 59 75 73 #bbbbbb 1
72 73 75 74 #bbbbbb 1

60 61 77 76 #bbbbbb 1
61 63 79 77 #bbbbbb 1
63 62 78 79 #bbbbbb 1
62 60 76 78 #bbbbbb 1
76 77 79 78 #bbbbbb 1

64 65 81 80 #bbbbbb 1
65 67 83 81 #bbbbbb 1
67 66 82 83 #bbbbbb 1
66 64 80 82 #bbbbbb 1
80 81 83 82 #bbbbbb 1

84 85 89 88 #bbbbbb 1
85 87 91 89 #bbbbbb 1
87 86 90 91 #bbbbbb 1
86 84 88 90 #bbbbbb 1
88 89 91 90 #bbbbbb 1

# crystal
92 93 94 #08A64F 0.5
92 94 95 #079547 0.5
92 95 96 #06853F 0.5
92 96 93 #079547 0.5
97 93 94 #09B757 0.5
97 94 95 #08A64F 0.5
97 95 96 #079547 0.5
97 96 93 #08A64F 0.5
